SVM
0.83 0.9090909090909091 0.38461538461538464
[[73  1]
 [16 10]]
0.74 0.0 0.0
[[74  0]
 [26  0]]
0.74 0.0 0.0
[[74  0]
 [26  0]]
0.74 0.0 0.0
[[74  0]
 [26  0]]
Random Forest
0.92 1.0 0.6923076923076923
[[74  0]
 [ 8 18]]
0.93 1.0 0.7307692307692307
[[74  0]
 [ 7 19]]
0.92 1.0 0.6923076923076923
[[74  0]
 [ 8 18]]
KNN
1 0.83 0.8461538461538461 0.4230769230769231
[[72  2]
 [15 11]]
2 0.82 1.0 0.3076923076923077
[[74  0]
 [18  8]]
3 0.84 1.0 0.38461538461538464
[[74  0]
 [16 10]]
4 0.81 1.0 0.2692307692307692
[[74  0]
 [19  7]]
5 0.82 0.9 0.34615384615384615
[[73  1]
 [17  9]]
6 0.81 0.8888888888888888 0.3076923076923077
[[73  1]
 [18  8]]
7 0.81 0.8888888888888888 0.3076923076923077
[[73  1]
 [18  8]]
8 0.81 0.8888888888888888 0.3076923076923077
[[73  1]
 [18  8]]
9 0.8 0.8 0.3076923076923077
[[72  2]
 [18  8]]
10 0.8 0.8 0.3076923076923077
[[72  2]
 [18  8]]
11 0.81 0.8181818181818182 0.34615384615384615
[[72  2]
 [17  9]]
12 0.8 0.8 0.3076923076923077
[[72  2]
 [18  8]]
13 0.82 0.8333333333333334 0.38461538461538464
[[72  2]
 [16 10]]
14 0.81 0.8181818181818182 0.34615384615384615
[[72  2]
 [17  9]]
15 0.82 0.7857142857142857 0.4230769230769231
[[71  3]
 [15 11]]
16 0.81 0.7692307692307693 0.38461538461538464
[[71  3]
 [16 10]]
17 0.81 0.7692307692307693 0.38461538461538464
[[71  3]
 [16 10]]
18 0.81 0.7692307692307693 0.38461538461538464
[[71  3]
 [16 10]]
19 0.81 0.7692307692307693 0.38461538461538464
[[71  3]
 [16 10]]
20 0.8 0.75 0.34615384615384615
[[71  3]
 [17  9]]
21 0.81 0.7692307692307693 0.38461538461538464
[[71  3]
 [16 10]]
22 0.8 0.75 0.34615384615384615
[[71  3]
 [17  9]]
23 0.8 0.75 0.34615384615384615
[[71  3]
 [17  9]]
24 0.8 0.75 0.34615384615384615
[[71  3]
 [17  9]]
25 0.8 0.75 0.34615384615384615
[[71  3]
 [17  9]]
26 0.8 0.75 0.34615384615384615
[[71  3]
 [17  9]]
27 0.8 0.75 0.34615384615384615
[[71  3]
 [17  9]]
28 0.77 0.6666666666666666 0.23076923076923078
[[71  3]
 [20  6]]
29 0.77 0.6666666666666666 0.23076923076923078
[[71  3]
 [20  6]]
30 0.76 0.625 0.19230769230769232
[[71  3]
 [21  5]]
31 0.77 0.6666666666666666 0.23076923076923078
[[71  3]
 [20  6]]
32 0.75 0.5714285714285714 0.15384615384615385
[[71  3]
 [22  4]]
33 0.75 0.5714285714285714 0.15384615384615385
[[71  3]
 [22  4]]
34 0.75 0.5714285714285714 0.15384615384615385
[[71  3]
 [22  4]]
35 0.75 0.5714285714285714 0.15384615384615385
[[71  3]
 [22  4]]
36 0.75 0.5714285714285714 0.15384615384615385
[[71  3]
 [22  4]]
37 0.75 0.5714285714285714 0.15384615384615385
[[71  3]
 [22  4]]
38 0.74 0.5 0.038461538461538464
[[73  1]
 [25  1]]
39 0.73 0.4 0.07692307692307693
[[71  3]
 [24  2]]
40 0.74 0.0 0.0
[[74  0]
 [26  0]]
41 0.74 0.0 0.0
[[74  0]
 [26  0]]
42 0.74 0.0 0.0
[[74  0]
 [26  0]]
43 0.74 0.0 0.0
[[74  0]
 [26  0]]
44 0.74 0.0 0.0
[[74  0]
 [26  0]]
45 0.74 0.0 0.0
[[74  0]
 [26  0]]
46 0.74 0.0 0.0
[[74  0]
 [26  0]]
47 0.74 0.0 0.0
[[74  0]
 [26  0]]
48 0.74 0.0 0.0
[[74  0]
 [26  0]]
49 0.74 0.0 0.0
[[74  0]
 [26  0]]
50 0.74 0.0 0.0
[[74  0]
 [26  0]]
51 0.74 0.0 0.0
[[74  0]
 [26  0]]
52 0.74 0.0 0.0
[[74  0]
 [26  0]]
53 0.74 0.0 0.0
[[74  0]
 [26  0]]
54 0.74 0.0 0.0
[[74  0]
 [26  0]]
55 0.74 0.0 0.0
[[74  0]
 [26  0]]
56 0.74 0.0 0.0
[[74  0]
 [26  0]]
57 0.74 0.0 0.0
[[74  0]
 [26  0]]
58 0.74 0.0 0.0
[[74  0]
 [26  0]]
59 0.74 0.0 0.0
[[74  0]
 [26  0]]
60 0.74 0.0 0.0
[[74  0]
 [26  0]]
61 0.74 0.0 0.0
[[74  0]
 [26  0]]
62 0.74 0.0 0.0
[[74  0]
 [26  0]]
63 0.74 0.0 0.0
[[74  0]
 [26  0]]
64 0.74 0.0 0.0
[[74  0]
 [26  0]]
65 0.74 0.0 0.0
[[74  0]
 [26  0]]
66 0.74 0.0 0.0
[[74  0]
 [26  0]]
67 0.74 0.0 0.0
[[74  0]
 [26  0]]
68 0.74 0.0 0.0
[[74  0]
 [26  0]]
69 0.74 0.0 0.0
[[74  0]
 [26  0]]
70 0.74 0.0 0.0
[[74  0]
 [26  0]]
71 0.74 0.0 0.0
[[74  0]
 [26  0]]
72 0.74 0.0 0.0
[[74  0]
 [26  0]]
73 0.74 0.0 0.0
[[74  0]
 [26  0]]
74 0.74 0.0 0.0
[[74  0]
 [26  0]]
75 0.74 0.0 0.0
[[74  0]
 [26  0]]
76 0.74 0.0 0.0
[[74  0]
 [26  0]]
77 0.74 0.0 0.0
[[74  0]
 [26  0]]
78 0.74 0.0 0.0
[[74  0]
 [26  0]]
79 0.74 0.0 0.0
[[74  0]
 [26  0]]
80 0.74 0.0 0.0
[[74  0]
 [26  0]]
81 0.74 0.0 0.0
[[74  0]
 [26  0]]
82 0.74 0.0 0.0
[[74  0]
 [26  0]]
83 0.74 0.0 0.0
[[74  0]
 [26  0]]
84 0.74 0.0 0.0
[[74  0]
 [26  0]]
85 0.74 0.0 0.0
[[74  0]
 [26  0]]
86 0.74 0.0 0.0
[[74  0]
 [26  0]]
87 0.74 0.0 0.0
[[74  0]
 [26  0]]
88 0.74 0.0 0.0
[[74  0]
 [26  0]]
89 0.74 0.0 0.0
[[74  0]
 [26  0]]
90 0.74 0.0 0.0
[[74  0]
 [26  0]]
91 0.74 0.0 0.0
[[74  0]
 [26  0]]
92 0.74 0.0 0.0
[[74  0]
 [26  0]]
93 0.74 0.0 0.0
[[74  0]
 [26  0]]
94 0.74 0.0 0.0
[[74  0]
 [26  0]]
95 0.74 0.0 0.0
[[74  0]
 [26  0]]
96 0.74 0.0 0.0
[[74  0]
 [26  0]]
97 0.74 0.0 0.0
[[74  0]
 [26  0]]
98 0.74 0.0 0.0
[[74  0]
 [26  0]]
99 0.74 0.0 0.0
[[74  0]
 [26  0]]
